23884023
23884052
23890203
23884393
23884514
23884618
23889905
23890769
23887173
23887328
23887465
23887485
23886599
23886598
23886481
23886388
23886332
23886314
23886261
23886261
23886174
23888444
23888499
23889995
23885136
23885081
23885047
23890276
23884872
23884690
23886140
23886137
23885679
23889738
23889773
23889793
23889051
23889187
23886638
23886774
23886823
23886905
23887027
23887601
23887759
23888298
23888252
23885218
23885272
23885423
23885596
23889444
23889522
23889609
23889667
23888693
23888739