Chrom	Start	Midpoint	End	Het
1	0	5000	10000	0
1	10000	15000	20000	0
1	20000	25000	30000	0.0213
1	30000	35000	40000	0.0367
1	40000	45000	50000	0.0054
1	50000	55000	60000	0.0125
1	60000	65000	70000	0.0097
1	70000	75000	80000	0.0256
1	80000	85000	90000	0.0392
1	90000	95000	100000	0.0442
1	100000	105000	110000	0.0222
1	110000	115000	120000	0.0147
1	120000	125000	130000	0.0285
1	130000	135000	140000	0.0364
1	140000	145000	150000	0.0448
1	150000	155000	160000	0.0426
1	160000	165000	170000	0.0407
1	170000	175000	180000	0.0294
1	180000	185000	190000	0.0298
1	190000	195000	200000	0.016
1	200000	205000	210000	0.0386
1	210000	215000	220000	0.0433
1	220000	225000	230000	0.026
1	230000	235000	240000	0.0419
1	240000	245000	250000	0.0407
1	250000	255000	260000	0.0319
1	260000	265000	270000	0.037
1	270000	275000	280000	0.0283
1	280000	285000	290000	0.0327
1	290000	295000	300000	0.0371
1	300000	305000	310000	0.0368
1	310000	315000	320000	0.0223
1	320000	325000	330000	0.0265
1	330000	335000	340000	0.035
1	340000	345000	350000	0.0092
1	350000	355000	360000	0.0322
1	360000	365000	370000	0.0248
1	370000	375000	380000	0.0378
1	380000	385000	390000	0.0375
1	390000	395000	400000	0.0384
1	400000	405000	410000	0.0297
1	410000	415000	420000	0.03
1	420000	425000	430000	0.0425
1	430000	435000	440000	0.0355
1	440000	445000	450000	0.0375
1	450000	455000	460000	0.0274
1	460000	465000	470000	0.041
1	470000	475000	480000	0.0109
1	480000	485000	490000	0.0341
1	490000	495000	500000	0.0271
1	500000	505000	510000	0.0385
1	510000	515000	520000	0.0334
1	520000	525000	530000	0.0382
1	530000	535000	540000	0.0346
1	540000	545000	550000	0.0446
1	550000	555000	560000	0.0343
1	560000	565000	570000	0.039
1	570000	575000	580000	0.0499
1	580000	585000	590000	0.0519
1	590000	595000	600000	0.0469
1	600000	605000	610000	0.0149
1	610000	615000	620000	0.041
1	620000	625000	630000	0.0356
1	630000	635000	640000	0.0244
1	640000	645000	650000	0.0446
1	650000	655000	660000	0.0407
1	660000	665000	670000	0.0259
1	670000	675000	680000	0.0371
1	680000	685000	690000	0.0231
1	690000	695000	700000	0.0425
1	700000	705000	710000	0.0419
1	710000	715000	720000	0.0361
1	720000	725000	730000	0.0423
1	730000	735000	740000	0.0445
1	740000	745000	750000	0.0393
1	750000	755000	760000	0.0381
1	760000	765000	770000	0.0403
1	770000	775000	780000	0.0454
1	780000	785000	790000	0.0278
1	790000	795000	800000	0.0496
1	800000	805000	810000	0.0346
1	810000	815000	820000	0.0315
1	820000	825000	830000	0.046
1	830000	835000	840000	0.0389
1	840000	845000	850000	0.0243
1	850000	855000	860000	0.0264
1	860000	865000	870000	0.0193
1	870000	875000	880000	0.0206
1	880000	885000	890000	0.0412
1	890000	895000	900000	0.045
1	900000	905000	910000	0.0398
1	910000	915000	920000	0.0409
1	920000	925000	930000	0.0352
1	930000	935000	940000	0.0412
1	940000	945000	950000	0.0394
1	950000	955000	960000	0.025
1	960000	965000	970000	0.0131
1	970000	975000	980000	0
1	980000	985000	990000	0
1	990000	995000	1000000	0
1	1000000	1005000	1010000	0.0141
1	1010000	1015000	1020000	0.0369
1	1020000	1025000	1030000	0.0396
1	1030000	1035000	1040000	0.0359
1	1040000	1045000	1050000	0.0315
1	1050000	1055000	1060000	0.036
1	1060000	1065000	1070000	0.0298
1	1070000	1075000	1080000	0.0411
1	1080000	1085000	1090000	0.0383
1	1090000	1095000	1100000	0.0399
1	1100000	1105000	1110000	0.0408
1	1110000	1115000	1120000	0.0071
1	1120000	1125000	1130000	0.0403
1	1130000	1135000	1140000	0.0545
1	1140000	1145000	1150000	0.0368
1	1150000	1155000	1160000	0.0331
1	1160000	1165000	1170000	0.0342
1	1170000	1175000	1180000	0.0379
1	1180000	1185000	1190000	0.029
1	1190000	1195000	1200000	0.034
1	1200000	1205000	1210000	0.0313
1	1210000	1215000	1220000	0.0434
1	1220000	1225000	1230000	0.0351
1	1230000	1235000	1240000	0.024
1	1240000	1245000	1250000	0.0422
1	1250000	1255000	1260000	0.053
1	1260000	1265000	1270000	0.0302
1	1270000	1275000	1280000	0.0318
1	1280000	1285000	1290000	0.0143
1	1290000	1295000	1300000	0.0293
1	1300000	1305000	1310000	0.0293
1	1310000	1315000	1320000	0.0356
1	1320000	1325000	1330000	0.0171
1	1330000	1335000	1340000	0.0228
1	1340000	1345000	1350000	0.0413
1	1350000	1355000	1360000	0.0312
1	1360000	1365000	1370000	0.025
1	1370000	1375000	1380000	0.0251
1	1380000	1385000	1390000	0.0292
1	1390000	1395000	1400000	0.0454
1	1400000	1405000	1410000	0.0371
1	1410000	1415000	1420000	0.027
1	1420000	1425000	1430000	0.0238
1	1430000	1435000	1440000	0.0333
1	1440000	1445000	1450000	0.0393
1	1450000	1455000	1460000	0.03
1	1460000	1465000	1470000	0.0491
1	1470000	1475000	1480000	0.0416
1	1480000	1485000	1490000	0.0316
1	1490000	1495000	1500000	0.0249
1	1500000	1505000	1510000	0.0242
1	1510000	1515000	1520000	0.0253
1	1520000	1525000	1530000	0.0315
1	1530000	1535000	1540000	0.0256
1	1540000	1545000	1550000	0.0409
1	1550000	1555000	1560000	0.0373
1	1560000	1565000	1570000	0.0316
1	1570000	1575000	1580000	0.0258
1	1580000	1585000	1590000	0.0208
1	1590000	1595000	1600000	0.041
1	1600000	1605000	1610000	0.0328
1	1610000	1615000	1620000	0.0403
1	1620000	1625000	1630000	0.0436
1	1630000	1635000	1640000	0.0499
1	1640000	1645000	1650000	0.0445
1	1650000	1655000	1660000	0.0396
1	1660000	1665000	1670000	0.0387
1	1670000	1675000	1680000	0.0412
1	1680000	1685000	1690000	0.0158
1	1690000	1695000	1700000	0.0385
1	1700000	1705000	1710000	0.0215
1	1710000	1715000	1720000	0.0248
1	1720000	1725000	1730000	0.0319
1	1730000	1735000	1740000	0.042
1	1740000	1745000	1750000	0.039
1	1750000	1755000	1760000	0.0283
1	1760000	1765000	1770000	0.0365
1	1770000	1775000	1780000	0.0378
1	1780000	1785000	1790000	0.0284
1	1790000	1795000	1800000	0.0447
1	1800000	1805000	1810000	0.0383
1	1810000	1815000	1820000	0.0422
1	1820000	1825000	1830000	0.0215
1	1830000	1835000	1840000	0.0222
1	1840000	1845000	1850000	0.0362
1	1850000	1855000	1860000	0.0336
1	1860000	1865000	1870000	0.0384
1	1870000	1875000	1880000	0.0233
1	1880000	1885000	1890000	0.0379
1	1890000	1895000	1900000	0.0314
1	1900000	1905000	1910000	0.033
1	1910000	1915000	1920000	0.028
1	1920000	1925000	1930000	0.0483
1	1930000	1935000	1940000	0.0302
1	1940000	1945000	1950000	0.0343
1	1950000	1955000	1960000	0.0245
1	1960000	1965000	1970000	0.0321
1	1970000	1975000	1980000	0.0433
1	1980000	1985000	1990000	0.0344
1	1990000	1995000	2000000	0.0238
1	2000000	2005000	2010000	0.0415
1	2010000	2015000	2020000	0.0202
1	2020000	2025000	2030000	0.0374
1	2030000	2035000	2040000	0.026
1	2040000	2045000	2050000	0.029
1	2050000	2055000	2060000	0.0318
1	2060000	2065000	2070000	0.0391
1	2070000	2075000	2080000	0.0282
1	2080000	2085000	2090000	0.0255
1	2090000	2095000	2100000	0.0433
1	2100000	2105000	2110000	0.039
1	2110000	2115000	2120000	0.0324
1	2120000	2125000	2130000	0.0341
1	2130000	2135000	2140000	0.0141
1	2140000	2145000	2150000	0.0367
1	2150000	2155000	2160000	0.0024
1	2160000	2165000	2170000	0.0333
1	2170000	2175000	2180000	0.0243
1	2180000	2185000	2190000	0.0291
1	2190000	2195000	2200000	0.0367
1	2200000	2205000	2210000	0.0318
1	2210000	2215000	2220000	0.0239
1	2220000	2225000	2230000	0.0351
1	2230000	2235000	2240000	0.0308
1	2240000	2245000	2250000	0.0228
1	2250000	2255000	2260000	0.0042
1	2260000	2265000	2270000	0.0152
1	2270000	2275000	2280000	0
1	2280000	2285000	2290000	0
2	0	5000	10000	0.0174
2	10000	15000	20000	0.0132
2	20000	25000	30000	0.0077
2	30000	35000	40000	0.033
2	40000	45000	50000	0.0203
2	50000	55000	60000	0.0098
2	60000	65000	70000	0.0261
2	70000	75000	80000	0.0079
2	80000	85000	90000	0.0401
2	90000	95000	100000	0.0205
2	100000	105000	110000	0.0327
2	110000	115000	120000	0.0256
2	120000	125000	130000	0.0176
2	130000	135000	140000	0.0345
2	140000	145000	150000	0.027
2	150000	155000	160000	0.0085
2	160000	165000	170000	0.0384
2	170000	175000	180000	0.0384
2	180000	185000	190000	0.0384
2	190000	195000	200000	0.046
2	200000	205000	210000	0.0375
2	210000	215000	220000	0.0306
2	220000	225000	230000	0.0326
2	230000	235000	240000	0.0361
2	240000	245000	250000	0.036
2	250000	255000	260000	0.0348
2	260000	265000	270000	0.0042
2	270000	275000	280000	0
2	280000	285000	290000	0.0269
2	290000	295000	300000	0.0301
2	300000	305000	310000	0.0459
2	310000	315000	320000	0.0389
2	320000	325000	330000	0.035
2	330000	335000	340000	0.0362
2	340000	345000	350000	0.0378
2	350000	355000	360000	0.0406
2	360000	365000	370000	0.04
2	370000	375000	380000	0.0349
2	380000	385000	390000	0.0341
2	390000	395000	400000	0.033
2	400000	405000	410000	0.0336
2	410000	415000	420000	0.018
2	420000	425000	430000	0.0281
2	430000	435000	440000	0.0429
2	440000	445000	450000	0.0337
2	450000	455000	460000	0.0323
2	460000	465000	470000	0.0389
2	470000	475000	480000	0.0438
2	480000	485000	490000	0.0371
2	490000	495000	500000	0.0168
2	500000	505000	510000	0.0319
2	510000	515000	520000	0.031
2	520000	525000	530000	0.0397
2	530000	535000	540000	0.0344
2	540000	545000	550000	0.0376
2	550000	555000	560000	0.039
2	560000	565000	570000	0.0348
2	570000	575000	580000	0.0384
2	580000	585000	590000	0.0362
2	590000	595000	600000	0.0358
2	600000	605000	610000	0.0343
2	610000	615000	620000	0.0344
2	620000	625000	630000	0.0318
2	630000	635000	640000	0.0262
2	640000	645000	650000	0.035
2	650000	655000	660000	0.0224
2	660000	665000	670000	0.0174
2	670000	675000	680000	0.0312
2	680000	685000	690000	0.0223
2	690000	695000	700000	0.0473
2	700000	705000	710000	0.0323
2	710000	715000	720000	0.0312
2	720000	725000	730000	0.0288
2	730000	735000	740000	0.0432
2	740000	745000	750000	0.0351
2	750000	755000	760000	0.0292
2	760000	765000	770000	0.0285
2	770000	775000	780000	0.0225
2	780000	785000	790000	0.0206
2	790000	795000	800000	0.0199
2	800000	805000	810000	0.0274
2	810000	815000	820000	0.0313
2	820000	825000	830000	0.0332
2	830000	835000	840000	0.0196
2	840000	845000	850000	0
2	850000	855000	860000	0.0002
2	860000	865000	870000	0
2	870000	875000	880000	0
2	880000	885000	890000	0
2	890000	895000	900000	0.0238
2	900000	905000	910000	0.0376
2	910000	915000	920000	0.0314
2	920000	925000	930000	0.0392
2	930000	935000	940000	0.0275
2	940000	945000	950000	0.0276
2	950000	955000	960000	0.0334
2	960000	965000	970000	0.0326
2	970000	975000	980000	0.0278
2	980000	985000	990000	0.0238
2	990000	995000	1000000	0.0378
2	1000000	1005000	1010000	0.0258
2	1010000	1015000	1020000	0.0221
2	1020000	1025000	1030000	0.022
2	1030000	1035000	1040000	0.0213
2	1040000	1045000	1050000	0.0326
2	1050000	1055000	1060000	0.0227
2	1060000	1065000	1070000	0.0275
2	1070000	1075000	1080000	0.0358
2	1080000	1085000	1090000	0.0299
2	1090000	1095000	1100000	0.0398
2	1100000	1105000	1110000	0.0315
2	1110000	1115000	1120000	0.0175
2	1120000	1125000	1130000	0.0161
2	1130000	1135000	1140000	0.0315
2	1140000	1145000	1150000	0.0386
2	1150000	1155000	1160000	0.0366
2	1160000	1165000	1170000	0.017
2	1170000	1175000	1180000	0.0364
2	1180000	1185000	1190000	0.0355
2	1190000	1195000	1200000	0.0248
2	1200000	1205000	1210000	0.0373
2	1210000	1215000	1220000	0.0356
2	1220000	1225000	1230000	0.0271
2	1230000	1235000	1240000	0.0399
2	1240000	1245000	1250000	0.0437
2	1250000	1255000	1260000	0.0311
2	1260000	1265000	1270000	0.0345
2	1270000	1275000	1280000	0.0372
2	1280000	1285000	1290000	0.0333
2	1290000	1295000	1300000	0.0394
2	1300000	1305000	1310000	0.0192
2	1310000	1315000	1320000	0.0368
2	1320000	1325000	1330000	0.0303
2	1330000	1335000	1340000	0.0393
2	1340000	1345000	1350000	0.0434
2	1350000	1355000	1360000	0.0077
2	1360000	1365000	1370000	0
2	1370000	1375000	1380000	0
2	1380000	1385000	1390000	0
2	1390000	1395000	1400000	0
2	1400000	1405000	1410000	0
2	1410000	1415000	1420000	0
2	1420000	1425000	1430000	0
2	1430000	1435000	1440000	0
2	1440000	1445000	1450000	0
2	1450000	1455000	1460000	0
2	1460000	1465000	1470000	0
2	1470000	1475000	1480000	0
2	1480000	1485000	1490000	0
2	1490000	1495000	1500000	0
2	1500000	1505000	1510000	0
2	1510000	1515000	1520000	0
2	1520000	1525000	1530000	0.0005
2	1530000	1535000	1540000	0
2	1540000	1545000	1550000	0
2	1550000	1555000	1560000	0
2	1560000	1565000	1570000	0
2	1570000	1575000	1580000	0
2	1580000	1585000	1590000	0
2	1590000	1595000	1600000	0
2	1600000	1605000	1610000	0
2	1610000	1615000	1620000	0
3	0	5000	10000	0
3	10000	15000	20000	0.0294
3	20000	25000	30000	0.0226
3	30000	35000	40000	0.0252
3	40000	45000	50000	0.021
3	50000	55000	60000	0.0211
3	60000	65000	70000	0.0409
3	70000	75000	80000	0.0459
3	80000	85000	90000	0.0321
3	90000	95000	100000	0.0338
3	100000	105000	110000	0.0285
3	110000	115000	120000	0.0423
3	120000	125000	130000	0.0236
3	130000	135000	140000	0.0194
3	140000	145000	150000	0.0454
3	150000	155000	160000	0.0365
3	160000	165000	170000	0.0334
3	170000	175000	180000	0.0474
3	180000	185000	190000	0.032
3	190000	195000	200000	0.0416
3	200000	205000	210000	0.027
3	210000	215000	220000	0.0228
3	220000	225000	230000	0.0218
3	230000	235000	240000	0.037
3	240000	245000	250000	0.0503
3	250000	255000	260000	0.0407
3	260000	265000	270000	0.0367
3	270000	275000	280000	0.041
3	280000	285000	290000	0.0271
3	290000	295000	300000	0.0273
3	300000	305000	310000	0.0304
3	310000	315000	320000	0.0431
3	320000	325000	330000	0.0443
3	330000	335000	340000	0.0368
3	340000	345000	350000	0.0371
3	350000	355000	360000	0.0419
3	360000	365000	370000	0.0278
3	370000	375000	380000	0.0256
3	380000	385000	390000	0.0426
3	390000	395000	400000	0.0466
3	400000	405000	410000	0.0393
3	410000	415000	420000	0.0441
3	420000	425000	430000	0.0383
3	430000	435000	440000	0.0289
3	440000	445000	450000	0.0347
3	450000	455000	460000	0.0091
3	460000	465000	470000	0.0472
3	470000	475000	480000	0.037
3	480000	485000	490000	0.047
3	490000	495000	500000	0.0345
3	500000	505000	510000	0.0419
3	510000	515000	520000	0.039
3	520000	525000	530000	0.0396
3	530000	535000	540000	0.0286
3	540000	545000	550000	0.0417
3	550000	555000	560000	0.0402
3	560000	565000	570000	0.036
3	570000	575000	580000	0.0411
3	580000	585000	590000	0.0302
3	590000	595000	600000	0.0339
3	600000	605000	610000	0.0294
3	610000	615000	620000	0.0421
3	620000	625000	630000	0.0254
3	630000	635000	640000	0.049
3	640000	645000	650000	0.0378
3	650000	655000	660000	0.0444
3	660000	665000	670000	0.0431
3	670000	675000	680000	0.0397
3	680000	685000	690000	0.0301
3	690000	695000	700000	0.027
3	700000	705000	710000	0.0418
3	710000	715000	720000	0.034
3	720000	725000	730000	0.0367
3	730000	735000	740000	0.0332
3	740000	745000	750000	0.0348
3	750000	755000	760000	0.0269
3	760000	765000	770000	0.0328
3	770000	775000	780000	0.0462
3	780000	785000	790000	0.0223
3	790000	795000	800000	0.0296
3	800000	805000	810000	0.0375
3	810000	815000	820000	0.036
3	820000	825000	830000	0.0478
3	830000	835000	840000	0.048
3	840000	845000	850000	0.0376
3	850000	855000	860000	0.0459
3	860000	865000	870000	0.0133
3	870000	875000	880000	0.0361
3	880000	885000	890000	0.0404
3	890000	895000	900000	0.0456
3	900000	905000	910000	0.0491
3	910000	915000	920000	0.0267
3	920000	925000	930000	0.0352
3	930000	935000	940000	0.0258
3	940000	945000	950000	0.0277
3	950000	955000	960000	0.0128
3	960000	965000	970000	0.0484
3	970000	975000	980000	0.0302
3	980000	985000	990000	0.04
3	990000	995000	1000000	0.0386
3	1000000	1005000	1010000	0.0307
3	1010000	1015000	1020000	0.0344
3	1020000	1025000	1030000	0.03
3	1030000	1035000	1040000	0.0441
3	1040000	1045000	1050000	0.0424
3	1050000	1055000	1060000	0.0361
3	1060000	1065000	1070000	0.0391
3	1070000	1075000	1080000	0.0253
3	1080000	1085000	1090000	0.0381
3	1090000	1095000	1100000	0.0374
3	1100000	1105000	1110000	0.0233
3	1110000	1115000	1120000	0.0424
3	1120000	1125000	1130000	0.0142
3	1130000	1135000	1140000	0.0482
3	1140000	1145000	1150000	0.0389
3	1150000	1155000	1160000	0.0169
3	1160000	1165000	1170000	0.0367
3	1170000	1175000	1180000	0.0262
3	1180000	1185000	1190000	0.0523
3	1190000	1195000	1200000	0.0479
3	1200000	1205000	1210000	0.0346
3	1210000	1215000	1220000	0.0427
3	1220000	1225000	1230000	0.0147
3	1230000	1235000	1240000	0.0221
3	1240000	1245000	1250000	0.0493
3	1250000	1255000	1260000	0.0353
3	1260000	1265000	1270000	0.0346
3	1270000	1275000	1280000	0.0379
3	1280000	1285000	1290000	0.0279
3	1290000	1295000	1300000	0
3	1300000	1305000	1310000	0.0306
3	1310000	1315000	1320000	0.0359
3	1320000	1325000	1330000	0.0295
3	1330000	1335000	1340000	0.0284
3	1340000	1345000	1350000	0.0104
3	1350000	1355000	1360000	0.0353
3	1360000	1365000	1370000	0.0309
3	1370000	1375000	1380000	0.0009
3	1380000	1385000	1390000	0
3	1390000	1395000	1400000	0
3	1400000	1405000	1410000	0
3	1410000	1415000	1420000	0.0338
3	1420000	1425000	1430000	0.0237
3	1430000	1435000	1440000	0.028
3	1440000	1445000	1450000	0.0153
3	1450000	1455000	1460000	0.012
3	1460000	1465000	1470000	0.0319
3	1470000	1475000	1480000	0.0271
3	1480000	1485000	1490000	0.0191
3	1490000	1495000	1500000	0.0103
3	1500000	1505000	1510000	0.0152
3	1510000	1515000	1520000	0.0096
3	1520000	1525000	1530000	0.0343
3	1530000	1535000	1540000	0.0384
3	1540000	1545000	1550000	0.0161
3	1550000	1555000	1560000	0
3	1560000	1565000	1570000	0
3	1570000	1575000	1580000	0
4	0	5000	10000	0
4	10000	15000	20000	0.0083
4	20000	25000	30000	0.0261
4	30000	35000	40000	0.0278
4	40000	45000	50000	0.0336
4	50000	55000	60000	0.0365
4	60000	65000	70000	0.0228
4	70000	75000	80000	0.0292
4	80000	85000	90000	0.0163
4	90000	95000	100000	0.0299
4	100000	105000	110000	0.0361
4	110000	115000	120000	0.0338
4	120000	125000	130000	0.0322
4	130000	135000	140000	0.0254
4	140000	145000	150000	0.0278
4	150000	155000	160000	0.0243
4	160000	165000	170000	0.0236
4	170000	175000	180000	0.034
4	180000	185000	190000	0.0273
4	190000	195000	200000	0.0217
4	200000	205000	210000	0.0332
4	210000	215000	220000	0.0362
4	220000	225000	230000	0.0265
4	230000	235000	240000	0.0379
4	240000	245000	250000	0.0475
4	250000	255000	260000	0.0363
4	260000	265000	270000	0.0322
4	270000	275000	280000	0.0318
4	280000	285000	290000	0.0263
4	290000	295000	300000	0.0289
4	300000	305000	310000	0.0429
4	310000	315000	320000	0.0208
4	320000	325000	330000	0.0065
4	330000	335000	340000	0.0329
4	340000	345000	350000	0.0242
4	350000	355000	360000	0.0289
4	360000	365000	370000	0.0322
4	370000	375000	380000	0.0363
4	380000	385000	390000	0.0198
4	390000	395000	400000	0.032
4	400000	405000	410000	0.0319
4	410000	415000	420000	0.0351
4	420000	425000	430000	0.0268
4	430000	435000	440000	0.0461
4	440000	445000	450000	0.031
4	450000	455000	460000	0.027
4	460000	465000	470000	0.0275
4	470000	475000	480000	0.0425
4	480000	485000	490000	0.0419
4	490000	495000	500000	0.0358
4	500000	505000	510000	0.0387
4	510000	515000	520000	0.0324
4	520000	525000	530000	0.0313
4	530000	535000	540000	0.0322
4	540000	545000	550000	0.0346
4	550000	555000	560000	0.036
4	560000	565000	570000	0.0436
4	570000	575000	580000	0.0292
4	580000	585000	590000	0.0284
4	590000	595000	600000	0.0353
4	600000	605000	610000	0.0284
4	610000	615000	620000	0.0354
4	620000	625000	630000	0.0428
4	630000	635000	640000	0.0463
4	640000	645000	650000	0.0351
4	650000	655000	660000	0.0306
4	660000	665000	670000	0.0331
4	670000	675000	680000	0.0335
4	680000	685000	690000	0.0103
4	690000	695000	700000	0.0369
4	700000	705000	710000	0.0427
4	710000	715000	720000	0
4	720000	725000	730000	0
4	730000	735000	740000	0
4	740000	745000	750000	0.001
4	750000	755000	760000	0.0218
4	760000	765000	770000	0.0339
4	770000	775000	780000	0.0289
4	780000	785000	790000	0.0317
4	790000	795000	800000	0.0392
4	800000	805000	810000	0.0172
4	810000	815000	820000	0.0423
4	820000	825000	830000	0.0176
4	830000	835000	840000	0.0285
4	840000	845000	850000	0.0254
4	850000	855000	860000	0.0279
4	860000	865000	870000	0.0219
4	870000	875000	880000	0.0386
4	880000	885000	890000	0.0175
4	890000	895000	900000	0.0259
4	900000	905000	910000	0.0298
4	910000	915000	920000	0.0208
4	920000	925000	930000	0.0426
4	930000	935000	940000	0.0356
4	940000	945000	950000	0.0159
4	950000	955000	960000	0.0408
4	960000	965000	970000	0.0162
4	970000	975000	980000	0.0243
4	980000	985000	990000	0.0313
4	990000	995000	1000000	0.0126
4	1000000	1005000	1010000	0.0285
4	1010000	1015000	1020000	0.0098
4	1020000	1025000	1030000	0.0297
4	1030000	1035000	1040000	0.0229
4	1040000	1045000	1050000	0.0249
4	1050000	1055000	1060000	0.0273
4	1060000	1065000	1070000	0
4	1070000	1075000	1080000	0
5	0	5000	10000	0.0018
5	10000	15000	20000	0.0082
5	20000	25000	30000	0.0096
5	30000	35000	40000	0.0051
5	40000	45000	50000	0.0093
5	50000	55000	60000	0.0269
5	60000	65000	70000	0.0106
5	70000	75000	80000	0.0079
5	80000	85000	90000	0.0128
5	90000	95000	100000	0.0229
5	100000	105000	110000	0.0367
5	110000	115000	120000	0.04
5	120000	125000	130000	0.0391
5	130000	135000	140000	0.029
5	140000	145000	150000	0.0181
5	150000	155000	160000	0.0234
5	160000	165000	170000	0.0333
5	170000	175000	180000	0.0127
5	180000	185000	190000	0.015
5	190000	195000	200000	0.0308
5	200000	205000	210000	0
5	210000	215000	220000	0
5	220000	225000	230000	0
5	230000	235000	240000	0.0081
5	240000	245000	250000	0.0426
5	250000	255000	260000	0.0337
5	260000	265000	270000	0.0104
5	270000	275000	280000	0
5	280000	285000	290000	0.0166
5	290000	295000	300000	0.0317
5	300000	305000	310000	0.0292
5	310000	315000	320000	0.0408
5	320000	325000	330000	0.0324
5	330000	335000	340000	0.0411
5	340000	345000	350000	0.0413
5	350000	355000	360000	0.0403
5	360000	365000	370000	0.046
5	370000	375000	380000	0.0283
5	380000	385000	390000	0.0283
5	390000	395000	400000	0.0353
5	400000	405000	410000	0.0287
5	410000	415000	420000	0.0177
5	420000	425000	430000	0.0258
5	430000	435000	440000	0.0311
5	440000	445000	450000	0.0355
5	450000	455000	460000	0.0349
5	460000	465000	470000	0.0292
5	470000	475000	480000	0.0236
5	480000	485000	490000	0.0077
5	490000	495000	500000	0.0408
5	500000	505000	510000	0.0257
5	510000	515000	520000	0.0398
5	520000	525000	530000	0.0275
5	530000	535000	540000	0.0305
5	540000	545000	550000	0.0408
5	550000	555000	560000	0.0406
5	560000	565000	570000	0.0421
5	570000	575000	580000	0.0415
5	580000	585000	590000	0.0288
5	590000	595000	600000	0.0198
5	600000	605000	610000	0.0382
5	610000	615000	620000	0.0517
5	620000	625000	630000	0.0141
5	630000	635000	640000	0.0435
5	640000	645000	650000	0.0355
5	650000	655000	660000	0.0456
5	660000	665000	670000	0.0261
5	670000	675000	680000	0.0388
5	680000	685000	690000	0.0215
5	690000	695000	700000	0.035
5	700000	705000	710000	0.0062
5	710000	715000	720000	0.0314
5	720000	725000	730000	0.0373
5	730000	735000	740000	0.031
5	740000	745000	750000	0.0352
5	750000	755000	760000	0.0222
5	760000	765000	770000	0.0328
5	770000	775000	780000	0.0352
5	780000	785000	790000	0.0405
5	790000	795000	800000	0.043
5	800000	805000	810000	0.0502
5	810000	815000	820000	0.0476
5	820000	825000	830000	0.0307
5	830000	835000	840000	0.0266
5	840000	845000	850000	0.0274
5	850000	855000	860000	0.0456
5	860000	865000	870000	0.0379
5	870000	875000	880000	0.0371
5	880000	885000	890000	0.0375
5	890000	895000	900000	0.0337
5	900000	905000	910000	0.0408
5	910000	915000	920000	0.0444
5	920000	925000	930000	0.0433
5	930000	935000	940000	0.0251
5	940000	945000	950000	0.0453
5	950000	955000	960000	0.0353
5	960000	965000	970000	0.0353
5	970000	975000	980000	0.0315
5	980000	985000	990000	0.033
5	990000	995000	1000000	0.028
5	1000000	1005000	1010000	0.0271
5	1010000	1015000	1020000	0.0348
5	1020000	1025000	1030000	0.041
5	1030000	1035000	1040000	0.0308
5	1040000	1045000	1050000	0.045
5	1050000	1055000	1060000	0.042
5	1060000	1065000	1070000	0.0231
5	1070000	1075000	1080000	0.0373
5	1080000	1085000	1090000	0.0445
5	1090000	1095000	1100000	0.0311
5	1100000	1105000	1110000	0.02
5	1110000	1115000	1120000	0.0289
5	1120000	1125000	1130000	0.0343
5	1130000	1135000	1140000	0.0326
5	1140000	1145000	1150000	0.0347
5	1150000	1155000	1160000	0.0243
5	1160000	1165000	1170000	0.0257
5	1170000	1175000	1180000	0.0567
5	1180000	1185000	1190000	0.0331
5	1190000	1195000	1200000	0.0358
5	1200000	1205000	1210000	0.0402
5	1210000	1215000	1220000	0.0501
5	1220000	1225000	1230000	0.0423
5	1230000	1235000	1240000	0.034
5	1240000	1245000	1250000	0.0423
5	1250000	1255000	1260000	0.0392
5	1260000	1265000	1270000	0.0414
5	1270000	1275000	1280000	0.0159
5	1280000	1285000	1290000	0.0319
5	1290000	1295000	1300000	0.0299
5	1300000	1305000	1310000	0.0359
5	1310000	1315000	1320000	0.0394
5	1320000	1325000	1330000	0.0231
5	1330000	1335000	1340000	0.0439
5	1340000	1345000	1350000	0.0386
5	1350000	1355000	1360000	0.0376
5	1360000	1365000	1370000	0.0067
5	1370000	1375000	1380000	0.0509
5	1380000	1385000	1390000	0.0242
5	1390000	1395000	1400000	0.0328
5	1400000	1405000	1410000	0.0211
5	1410000	1415000	1420000	0.0391
5	1420000	1425000	1430000	0.0563
5	1430000	1435000	1440000	0.0307
5	1440000	1445000	1450000	0.0373
5	1450000	1455000	1460000	0.0355
5	1460000	1465000	1470000	0.0433
5	1470000	1475000	1480000	0.0296
5	1480000	1485000	1490000	0.0395
5	1490000	1495000	1500000	0.0369
5	1500000	1505000	1510000	0.0404
5	1510000	1515000	1520000	0.0225
5	1520000	1525000	1530000	0.0347
5	1530000	1535000	1540000	0.0307
5	1540000	1545000	1550000	0.0328
5	1550000	1555000	1560000	0.0418
5	1560000	1565000	1570000	0
5	1570000	1575000	1580000	0
5	1580000	1585000	1590000	0.0327
5	1590000	1595000	1600000	0.0042
5	1600000	1605000	1610000	0.0295
5	1610000	1615000	1620000	0.0391
5	1620000	1625000	1630000	0.0365
5	1630000	1635000	1640000	0.0187
5	1640000	1645000	1650000	0.0257
5	1650000	1655000	1660000	0.0289
5	1660000	1665000	1670000	0.0275
5	1670000	1675000	1680000	0.0171
5	1680000	1685000	1690000	0.0351
5	1690000	1695000	1700000	0.026
5	1700000	1705000	1710000	0.0163
5	1710000	1715000	1720000	0.0258
5	1720000	1725000	1730000	0.031
5	1730000	1735000	1740000	0.0395
5	1740000	1745000	1750000	0.0251
5	1750000	1755000	1760000	0.0305
5	1760000	1765000	1770000	0.0207
5	1770000	1775000	1780000	0.019
5	1780000	1785000	1790000	0.0068
5	1790000	1795000	1800000	0.0164
5	1800000	1805000	1810000	0
6	0	5000	10000	0.0107
6	10000	15000	20000	0.0377
6	20000	25000	30000	0.0374
6	30000	35000	40000	0.0287
6	40000	45000	50000	0.0298
6	50000	55000	60000	0.0231
6	60000	65000	70000	0.017
6	70000	75000	80000	0.0074
6	80000	85000	90000	0.0211
6	90000	95000	100000	0.0218
6	100000	105000	110000	0.0252
6	110000	115000	120000	0.0238
6	120000	125000	130000	0.0414
6	130000	135000	140000	0.0158
6	140000	145000	150000	0.0211
6	150000	155000	160000	0.042
6	160000	165000	170000	0.0247
6	170000	175000	180000	0.0321
6	180000	185000	190000	0.0148
6	190000	195000	200000	0.0299
6	200000	205000	210000	0.0249
6	210000	215000	220000	0.0505
6	220000	225000	230000	0.0233
6	230000	235000	240000	0.0327
6	240000	245000	250000	0.0405
6	250000	255000	260000	0.0398
6	260000	265000	270000	0.0199
6	270000	275000	280000	0.0411
6	280000	285000	290000	0.0302
6	290000	295000	300000	0.0517
6	300000	305000	310000	0.0416
6	310000	315000	320000	0.0411
6	320000	325000	330000	0.0349
6	330000	335000	340000	0.0396
6	340000	345000	350000	0.0483
6	350000	355000	360000	0.0319
6	360000	365000	370000	0.0402
6	370000	375000	380000	0.048
6	380000	385000	390000	0.0379
6	390000	395000	400000	0.0314
6	400000	405000	410000	0.0468
6	410000	415000	420000	0.0441
6	420000	425000	430000	0.0446
6	430000	435000	440000	0.0294
6	440000	445000	450000	0.0285
6	450000	455000	460000	0.0193
6	460000	465000	470000	0.0414
6	470000	475000	480000	0.0441
6	480000	485000	490000	0.0505
6	490000	495000	500000	0.0181
6	500000	505000	510000	0.0332
6	510000	515000	520000	0.0343
6	520000	525000	530000	0.0394
6	530000	535000	540000	0.025
6	540000	545000	550000	0.0191
6	550000	555000	560000	0.0397
6	560000	565000	570000	0.0403
6	570000	575000	580000	0.0384
6	580000	585000	590000	0.0235
6	590000	595000	600000	0.0491
6	600000	605000	610000	0.0434
6	610000	615000	620000	0.0321
6	620000	625000	630000	0.0298
6	630000	635000	640000	0.0365
6	640000	645000	650000	0.057
6	650000	655000	660000	0.0419
6	660000	665000	670000	0.0358
6	670000	675000	680000	0.0466
6	680000	685000	690000	0.0413
6	690000	695000	700000	0.0439
6	700000	705000	710000	0.0364
6	710000	715000	720000	0.0362
6	720000	725000	730000	0.0184
6	730000	735000	740000	0.0154
6	740000	745000	750000	0.018
6	750000	755000	760000	0.0436
6	760000	765000	770000	0.0273
6	770000	775000	780000	0.0194
6	780000	785000	790000	0.0012
6	790000	795000	800000	0
6	800000	805000	810000	0
6	810000	815000	820000	0
6	820000	825000	830000	0.0241
6	830000	835000	840000	0.0394
6	840000	845000	850000	0.0364
6	850000	855000	860000	0.0536
6	860000	865000	870000	0.0422
6	870000	875000	880000	0.0393
6	880000	885000	890000	0.0347
6	890000	895000	900000	0.0497
6	900000	905000	910000	0.0333
6	910000	915000	920000	0.0317
6	920000	925000	930000	0.0424
6	930000	935000	940000	0.0107
6	940000	945000	950000	0.0361
6	950000	955000	960000	0.0229
6	960000	965000	970000	0.0513
6	970000	975000	980000	0.0515
6	980000	985000	990000	0.0362
6	990000	995000	1000000	0.0328
6	1000000	1005000	1010000	0.0412
6	1010000	1015000	1020000	0.0292
6	1020000	1025000	1030000	0.0366
6	1030000	1035000	1040000	0.0105
6	1040000	1045000	1050000	0.0234
6	1050000	1055000	1060000	0.0384
6	1060000	1065000	1070000	0.0277
6	1070000	1075000	1080000	0.0474
6	1080000	1085000	1090000	0.0361
6	1090000	1095000	1100000	0.0415
6	1100000	1105000	1110000	0.0281
6	1110000	1115000	1120000	0.0225
6	1120000	1125000	1130000	0.0349
6	1130000	1135000	1140000	0.036
6	1140000	1145000	1150000	0.0434
6	1150000	1155000	1160000	0.0361
6	1160000	1165000	1170000	0.0393
6	1170000	1175000	1180000	0.0335
6	1180000	1185000	1190000	0.0225
6	1190000	1195000	1200000	0.0281
6	1200000	1205000	1210000	0.0197
6	1210000	1215000	1220000	0.0329
6	1220000	1225000	1230000	0.0394
6	1230000	1235000	1240000	0.0384
6	1240000	1245000	1250000	0.0286
6	1250000	1255000	1260000	0.0238
6	1260000	1265000	1270000	0.0323
6	1270000	1275000	1280000	0.0338
6	1280000	1285000	1290000	0.0301
6	1290000	1295000	1300000	0.0386
6	1300000	1305000	1310000	0.0439
6	1310000	1315000	1320000	0.0273
6	1320000	1325000	1330000	0.05
6	1330000	1335000	1340000	0.0399
6	1340000	1345000	1350000	0.0234
6	1350000	1355000	1360000	0.0172
6	1360000	1365000	1370000	0.0184
6	1370000	1375000	1380000	0.0187
6	1380000	1385000	1390000	0.0231
6	1390000	1395000	1400000	0.0117
6	1400000	1405000	1410000	0.0321
6	1410000	1415000	1420000	0.0238
7	0	5000	10000	0
7	10000	15000	20000	0.0084
7	20000	25000	30000	0.0233
7	30000	35000	40000	0.0168
7	40000	45000	50000	0.0341
7	50000	55000	60000	0.0398
7	60000	65000	70000	0.0276
7	70000	75000	80000	0.0302
7	80000	85000	90000	0.0341
7	90000	95000	100000	0.0385
7	100000	105000	110000	0.0373
7	110000	115000	120000	0.0281
7	120000	125000	130000	0.0351
7	130000	135000	140000	0.0403
7	140000	145000	150000	0.0216
7	150000	155000	160000	0.0079
7	160000	165000	170000	0.0188
7	170000	175000	180000	0.0244
7	180000	185000	190000	0.0364
7	190000	195000	200000	0.0382
7	200000	205000	210000	0.033
7	210000	215000	220000	0.0227
7	220000	225000	230000	0.0382
7	230000	235000	240000	0.0455
7	240000	245000	250000	0.0322
7	250000	255000	260000	0.0265
7	260000	265000	270000	0.0283
7	270000	275000	280000	0.0359
7	280000	285000	290000	0.0313
7	290000	295000	300000	0.0385
7	300000	305000	310000	0.0325
7	310000	315000	320000	0.0379
7	320000	325000	330000	0.0252
7	330000	335000	340000	0.0289
7	340000	345000	350000	0.0341
7	350000	355000	360000	0.0425
7	360000	365000	370000	0.046
7	370000	375000	380000	0.0271
7	380000	385000	390000	0.0194
7	390000	395000	400000	0.0234
7	400000	405000	410000	0.0435
7	410000	415000	420000	0.0333
7	420000	425000	430000	0.0372
7	430000	435000	440000	0.0304
7	440000	445000	450000	0.0529
7	450000	455000	460000	0.037
7	460000	465000	470000	0.0379
7	470000	475000	480000	0.0062
7	480000	485000	490000	0.0249
7	490000	495000	500000	0.0412
7	500000	505000	510000	0.0413
7	510000	515000	520000	0.0295
7	520000	525000	530000	0.0109
7	530000	535000	540000	0
7	540000	545000	550000	0
7	550000	555000	560000	0
7	560000	565000	570000	0
7	570000	575000	580000	0.0265
7	580000	585000	590000	0.0253
7	590000	595000	600000	0.0326
7	600000	605000	610000	0.0273
7	610000	615000	620000	0.0253
7	620000	625000	630000	0.025
7	630000	635000	640000	0.034
7	640000	645000	650000	0.0222
7	650000	655000	660000	0.0472
7	660000	665000	670000	0.0315
7	670000	675000	680000	0.0097
7	680000	685000	690000	0.0418
7	690000	695000	700000	0.0407
7	700000	705000	710000	0.0367
7	710000	715000	720000	0.0221
7	720000	725000	730000	0.0141
7	730000	735000	740000	0.0315
7	740000	745000	750000	0.0461
7	750000	755000	760000	0.0401
7	760000	765000	770000	0.0338
7	770000	775000	780000	0.0388
7	780000	785000	790000	0.0337
7	790000	795000	800000	0.0275
7	800000	805000	810000	0.0301
7	810000	815000	820000	0.0404
7	820000	825000	830000	0.0488
7	830000	835000	840000	0.0161
7	840000	845000	850000	0.0349
7	850000	855000	860000	0.035
7	860000	865000	870000	0.0217
7	870000	875000	880000	0.0326
7	880000	885000	890000	0.0386
7	890000	895000	900000	0.0547
7	900000	905000	910000	0.0328
7	910000	915000	920000	0.0342
7	920000	925000	930000	0.0445
7	930000	935000	940000	0.0498
7	940000	945000	950000	0.037
7	950000	955000	960000	0.0452
7	960000	965000	970000	0.048
7	970000	975000	980000	0.0302
7	980000	985000	990000	0.0359
7	990000	995000	1000000	0.0374
7	1000000	1005000	1010000	0.0344
7	1010000	1015000	1020000	0.0438
7	1020000	1025000	1030000	0.0327
7	1030000	1035000	1040000	0.033
7	1040000	1045000	1050000	0.0353
7	1050000	1055000	1060000	0.0349
7	1060000	1065000	1070000	0.0285
7	1070000	1075000	1080000	0.0293
7	1080000	1085000	1090000	0.0298
7	1090000	1095000	1100000	0.0368
7	1100000	1105000	1110000	0.0346
7	1110000	1115000	1120000	0.0299
7	1120000	1125000	1130000	0.0376
7	1130000	1135000	1140000	0.0475
7	1140000	1145000	1150000	0.0496
7	1150000	1155000	1160000	0.0456
7	1160000	1165000	1170000	0.0231
7	1170000	1175000	1180000	0.0412
7	1180000	1185000	1190000	0.0203
7	1190000	1195000	1200000	0.0195
7	1200000	1205000	1210000	0.0278
7	1210000	1215000	1220000	0.0262
7	1220000	1225000	1230000	0.0297
7	1230000	1235000	1240000	0.0333
7	1240000	1245000	1250000	0.0319
7	1250000	1255000	1260000	0.0184
7	1260000	1265000	1270000	0.0203
7	1270000	1275000	1280000	0.0164
7	1280000	1285000	1290000	0.0394
7	1290000	1295000	1300000	0.0292
7	1300000	1305000	1310000	0.0123
7	1310000	1315000	1320000	0.0272
7	1320000	1325000	1330000	0.0197
7	1330000	1335000	1340000	0.0409
7	1340000	1345000	1350000	0.0187
7	1350000	1355000	1360000	0.0045
7	1360000	1365000	1370000	0.0154
7	1370000	1375000	1380000	0.043
7	1380000	1385000	1390000	0.0396
7	1390000	1395000	1400000	0.0079
8	0	5000	10000	0
8	10000	15000	20000	0
8	20000	25000	30000	0
8	30000	35000	40000	0.0069
8	40000	45000	50000	0.0378
8	50000	55000	60000	0.0216
8	60000	65000	70000	0.009
8	70000	75000	80000	0.0367
8	80000	85000	90000	0.034
8	90000	95000	100000	0.0199
8	100000	105000	110000	0.022
8	110000	115000	120000	0.0393
8	120000	125000	130000	0.0288
8	130000	135000	140000	0.0344
8	140000	145000	150000	0.0334
8	150000	155000	160000	0.0291
8	160000	165000	170000	0.0459
8	170000	175000	180000	0.0242
8	180000	185000	190000	0.0393
8	190000	195000	200000	0.0376
8	200000	205000	210000	0.0319
8	210000	215000	220000	0.0297
8	220000	225000	230000	0.0256
8	230000	235000	240000	0.0203
8	240000	245000	250000	0.0364
8	250000	255000	260000	0.0579
8	260000	265000	270000	0.0206
8	270000	275000	280000	0.031
8	280000	285000	290000	0.0397
8	290000	295000	300000	0.0347
8	300000	305000	310000	0.0508
8	310000	315000	320000	0.0224
8	320000	325000	330000	0.0398
8	330000	335000	340000	0.0463
8	340000	345000	350000	0.0442
8	350000	355000	360000	0.0339
8	360000	365000	370000	0.0433
8	370000	375000	380000	0.0379
8	380000	385000	390000	0.0275
8	390000	395000	400000	0.0177
8	400000	405000	410000	0.0202
8	410000	415000	420000	0.0174
8	420000	425000	430000	0.0344
8	430000	435000	440000	0.0376
8	440000	445000	450000	0.0443
8	450000	455000	460000	0.0089
8	460000	465000	470000	0
8	470000	475000	480000	0
8	480000	485000	490000	0
8	490000	495000	500000	0
8	500000	505000	510000	0.0145
8	510000	515000	520000	0.0391
8	520000	525000	530000	0.0221
8	530000	535000	540000	0.0415
8	540000	545000	550000	0.0324
8	550000	555000	560000	0.0295
8	560000	565000	570000	0.0384
8	570000	575000	580000	0.0382
8	580000	585000	590000	0.0219
8	590000	595000	600000	0.047
8	600000	605000	610000	0.0296
8	610000	615000	620000	0.0302
8	620000	625000	630000	0.0373
8	630000	635000	640000	0.0185
8	640000	645000	650000	0.0129
8	650000	655000	660000	0.0414
8	660000	665000	670000	0.0416
8	670000	675000	680000	0.0291
8	680000	685000	690000	0.0338
8	690000	695000	700000	0.0525
8	700000	705000	710000	0.0242
8	710000	715000	720000	0.0318
8	720000	725000	730000	0.0376
8	730000	735000	740000	0.0475
8	740000	745000	750000	0.0341
8	750000	755000	760000	0.0298
8	760000	765000	770000	0.0519
8	770000	775000	780000	0.032
8	780000	785000	790000	0.0353
8	790000	795000	800000	0.026
8	800000	805000	810000	0.0525
8	810000	815000	820000	0.0206
8	820000	825000	830000	0.0335
8	830000	835000	840000	0.041
8	840000	845000	850000	0.0351
8	850000	855000	860000	0.0439
8	860000	865000	870000	0.0334
8	870000	875000	880000	0.0174
8	880000	885000	890000	0.0423
8	890000	895000	900000	0.0274
8	900000	905000	910000	0.0425
8	910000	915000	920000	0.0153
8	920000	925000	930000	0.0368
8	930000	935000	940000	0.0393
8	940000	945000	950000	0.0352
8	950000	955000	960000	0.022
8	960000	965000	970000	0.0286
8	970000	975000	980000	0.0444
8	980000	985000	990000	0.0503
8	990000	995000	1000000	0.0332
8	1000000	1005000	1010000	0.0399
8	1010000	1015000	1020000	0.0213
8	1020000	1025000	1030000	0.0491
8	1030000	1035000	1040000	0.0237
8	1040000	1045000	1050000	0.0084
8	1050000	1055000	1060000	0.0339
8	1060000	1065000	1070000	0.0112
8	1070000	1075000	1080000	0.0318
8	1080000	1085000	1090000	0.0341
8	1090000	1095000	1100000	0.0325
8	1100000	1105000	1110000	0.0312
8	1110000	1115000	1120000	0.0398
8	1120000	1125000	1130000	0.037
8	1130000	1135000	1140000	0.0327
8	1140000	1145000	1150000	0.0134
8	1150000	1155000	1160000	0.021
8	1160000	1165000	1170000	0.0269
8	1170000	1175000	1180000	0.0356
8	1180000	1185000	1190000	0.0349
8	1190000	1195000	1200000	0.0452
8	1200000	1205000	1210000	0.0357
8	1210000	1215000	1220000	0.0378
8	1220000	1225000	1230000	0.0215
8	1230000	1235000	1240000	0.0321
8	1240000	1245000	1250000	0.027
8	1250000	1255000	1260000	0.023
8	1260000	1265000	1270000	0.0433
8	1270000	1275000	1280000	0.0367
8	1280000	1285000	1290000	0.0444
8	1290000	1295000	1300000	0.0321
8	1300000	1305000	1310000	0.0172
8	1310000	1315000	1320000	0.037
8	1320000	1325000	1330000	0.0257
8	1330000	1335000	1340000	0.0359
8	1340000	1345000	1350000	0.0453
8	1350000	1355000	1360000	0.0332
8	1360000	1365000	1370000	0.0116
8	1370000	1375000	1380000	0.0373
8	1380000	1385000	1390000	0.0271
8	1390000	1395000	1400000	0
9	0	5000	10000	0
9	10000	15000	20000	0
9	20000	25000	30000	0.0184
9	30000	35000	40000	0.0249
9	40000	45000	50000	0.0249
9	50000	55000	60000	0.031
9	60000	65000	70000	0.0391
9	70000	75000	80000	0.0228
9	80000	85000	90000	0.0334
9	90000	95000	100000	0.0262
9	100000	105000	110000	0.0311
9	110000	115000	120000	0.0243
9	120000	125000	130000	0.043
9	130000	135000	140000	0.041
9	140000	145000	150000	0.0465
9	150000	155000	160000	0.0323
9	160000	165000	170000	0.0303
9	170000	175000	180000	0.0353
9	180000	185000	190000	0.0199
9	190000	195000	200000	0.032
9	200000	205000	210000	0.0212
9	210000	215000	220000	0.0351
9	220000	225000	230000	0.0369
9	230000	235000	240000	0.0199
9	240000	245000	250000	0.0342
9	250000	255000	260000	0.0347
9	260000	265000	270000	0.0362
9	270000	275000	280000	0.0435
9	280000	285000	290000	0.0336
9	290000	295000	300000	0.0297
9	300000	305000	310000	0.0194
9	310000	315000	320000	0.0283
9	320000	325000	330000	0.0427
9	330000	335000	340000	0.0414
9	340000	345000	350000	0.0357
9	350000	355000	360000	0.0432
9	360000	365000	370000	0.0326
9	370000	375000	380000	0.05
9	380000	385000	390000	0.0359
9	390000	395000	400000	0.0422
9	400000	405000	410000	0.0456
9	410000	415000	420000	0.0382
9	420000	425000	430000	0.0377
9	430000	435000	440000	0.0439
9	440000	445000	450000	0.0329
9	450000	455000	460000	0.0441
9	460000	465000	470000	0.036
9	470000	475000	480000	0.044
9	480000	485000	490000	0.0064
9	490000	495000	500000	0.0306
9	500000	505000	510000	0.041
9	510000	515000	520000	0.0473
9	520000	525000	530000	0.0426
9	530000	535000	540000	0.0371
9	540000	545000	550000	0.0363
9	550000	555000	560000	0.0432
9	560000	565000	570000	0.0367
9	570000	575000	580000	0.0442
9	580000	585000	590000	0.0345
9	590000	595000	600000	0.0359
9	600000	605000	610000	0.038
9	610000	615000	620000	0.0396
9	620000	625000	630000	0.0274
9	630000	635000	640000	0.0408
9	640000	645000	650000	0.0407
9	650000	655000	660000	0.0429
9	660000	665000	670000	0.0418
9	670000	675000	680000	0.0433
9	680000	685000	690000	0.0412
9	690000	695000	700000	0.054
9	700000	705000	710000	0.0199
9	710000	715000	720000	0.0132
9	720000	725000	730000	0.031
9	730000	735000	740000	0.0283
9	740000	745000	750000	0.0311
9	750000	755000	760000	0.0196
9	760000	765000	770000	0.0393
9	770000	775000	780000	0.0448
9	780000	785000	790000	0.0369
9	790000	795000	800000	0.0264
9	800000	805000	810000	0.0071
9	810000	815000	820000	0
9	820000	825000	830000	0
9	830000	835000	840000	0
9	840000	845000	850000	0.0454
9	850000	855000	860000	0.0329
9	860000	865000	870000	0.025
9	870000	875000	880000	0.0401
9	880000	885000	890000	0.0381
9	890000	895000	900000	0.0451
9	900000	905000	910000	0.0295
9	910000	915000	920000	0.0385
9	920000	925000	930000	0.0461
9	930000	935000	940000	0.0371
9	940000	945000	950000	0.0378
9	950000	955000	960000	0.0276
9	960000	965000	970000	0.0411
9	970000	975000	980000	0.0407
9	980000	985000	990000	0.0329
9	990000	995000	1000000	0.0364
9	1000000	1005000	1010000	0.0276
9	1010000	1015000	1020000	0.0382
9	1020000	1025000	1030000	0.032
9	1030000	1035000	1040000	0.0222
9	1040000	1045000	1050000	0.0178
9	1050000	1055000	1060000	0.0329
9	1060000	1065000	1070000	0.0248
9	1070000	1075000	1080000	0.0256
9	1080000	1085000	1090000	0.0267
9	1090000	1095000	1100000	0.0328
9	1100000	1105000	1110000	0.0401
9	1110000	1115000	1120000	0.0191
9	1120000	1125000	1130000	0.0178
9	1130000	1135000	1140000	0.0435
9	1140000	1145000	1150000	0.03
9	1150000	1155000	1160000	0.0131
9	1160000	1165000	1170000	0.0018
9	1170000	1175000	1180000	0
9	1180000	1185000	1190000	0
10	0	5000	10000	0.0104
10	10000	15000	20000	0.0026
10	20000	25000	30000	0.0218
10	30000	35000	40000	0.0174
10	40000	45000	50000	0.0193
10	50000	55000	60000	0.0209
10	60000	65000	70000	0.0421
10	70000	75000	80000	0.0239
10	80000	85000	90000	0.031
10	90000	95000	100000	0.026
10	100000	105000	110000	0.0241
10	110000	115000	120000	0.0174
10	120000	125000	130000	0.0403
10	130000	135000	140000	0.0237
10	140000	145000	150000	0.0251
10	150000	155000	160000	0.0211
10	160000	165000	170000	0.0191
10	170000	175000	180000	0.0183
10	180000	185000	190000	0.0297
10	190000	195000	200000	0.0096
10	200000	205000	210000	0.0024
10	210000	215000	220000	0
10	220000	225000	230000	0
10	230000	235000	240000	0.0321
10	240000	245000	250000	0.0377
10	250000	255000	260000	0.0339
10	260000	265000	270000	0.0365
10	270000	275000	280000	0.0267
10	280000	285000	290000	0.0323
10	290000	295000	300000	0.0327
10	300000	305000	310000	0.0302
10	310000	315000	320000	0.0294
10	320000	325000	330000	0.0138
10	330000	335000	340000	0.0191
10	340000	345000	350000	0.023
10	350000	355000	360000	0.0331
10	360000	365000	370000	0.0401
10	370000	375000	380000	0.0375
10	380000	385000	390000	0.0395
10	390000	395000	400000	0.0337
10	400000	405000	410000	0.0376
10	410000	415000	420000	0.0423
10	420000	425000	430000	0.0183
10	430000	435000	440000	0.0441
10	440000	445000	450000	0.0307
10	450000	455000	460000	0.0408
10	460000	465000	470000	0.0352
10	470000	475000	480000	0.0179
10	480000	485000	490000	0.0383
10	490000	495000	500000	0.0233
10	500000	505000	510000	0.0247
10	510000	515000	520000	0.0373
10	520000	525000	530000	0.042
10	530000	535000	540000	0.0476
10	540000	545000	550000	0.0369
10	550000	555000	560000	0.0355
10	560000	565000	570000	0.0416
10	570000	575000	580000	0.0448
10	580000	585000	590000	0.0138
10	590000	595000	600000	0.0386
10	600000	605000	610000	0.0245
10	610000	615000	620000	0.0312
10	620000	625000	630000	0.0371
10	630000	635000	640000	0.0514
10	640000	645000	650000	0.0339
10	650000	655000	660000	0.0205
10	660000	665000	670000	0.0297
10	670000	675000	680000	0.0239
10	680000	685000	690000	0.0376
10	690000	695000	700000	0.0354
10	700000	705000	710000	0.036
10	710000	715000	720000	0.0328
10	720000	725000	730000	0.0142
10	730000	735000	740000	0.0343
10	740000	745000	750000	0.0278
10	750000	755000	760000	0.0248
10	760000	765000	770000	0.0376
10	770000	775000	780000	0.0399
10	780000	785000	790000	0.0351
10	790000	795000	800000	0.0443
10	800000	805000	810000	0.0311
10	810000	815000	820000	0.0283
10	820000	825000	830000	0.0259
10	830000	835000	840000	0.0289
10	840000	845000	850000	0.0297
10	850000	855000	860000	0.0299
10	860000	865000	870000	0.0398
10	870000	875000	880000	0.0432
10	880000	885000	890000	0.0269
10	890000	895000	900000	0.0187
10	900000	905000	910000	0.0152
10	910000	915000	920000	0.0218
10	920000	925000	930000	0.0378
10	930000	935000	940000	0.0478
10	940000	945000	950000	0.0173
10	950000	955000	960000	0.0186
10	960000	965000	970000	0.0163
10	970000	975000	980000	0.0229
10	980000	985000	990000	0.0064
10	990000	995000	1000000	0.0282
10	1000000	1005000	1010000	0.0433
10	1010000	1015000	1020000	0.0358
10	1020000	1025000	1030000	0.0093
10	1030000	1035000	1040000	0
10	1040000	1045000	1050000	0
10	1050000	1055000	1060000	0
11	0	5000	10000	0
11	10000	15000	20000	0.0216
11	20000	25000	30000	0.0291
11	30000	35000	40000	0.008
11	40000	45000	50000	0.0348
11	50000	55000	60000	0.0267
11	60000	65000	70000	0.0258
11	70000	75000	80000	0.0328
11	80000	85000	90000	0.0277
11	90000	95000	100000	0.0169
11	100000	105000	110000	0.0217
11	110000	115000	120000	0.0363
11	120000	125000	130000	0.0262
11	130000	135000	140000	0.017
11	140000	145000	150000	0.0379
11	150000	155000	160000	0.0314
11	160000	165000	170000	0.0328
11	170000	175000	180000	0.0137
11	180000	185000	190000	0.0195
11	190000	195000	200000	0.0434
11	200000	205000	210000	0.0516
11	210000	215000	220000	0.0422
11	220000	225000	230000	0.0341
11	230000	235000	240000	0.0381
11	240000	245000	250000	0.0462
11	250000	255000	260000	0.0426
11	260000	265000	270000	0.0431
11	270000	275000	280000	0.0337
11	280000	285000	290000	0.0246
11	290000	295000	300000	0.0178
11	300000	305000	310000	0.0412
11	310000	315000	320000	0.0273
11	320000	325000	330000	0.0359
11	330000	335000	340000	0.0459
11	340000	345000	350000	0.0349
11	350000	355000	360000	0.0444
11	360000	365000	370000	0.0364
11	370000	375000	380000	0.0407
11	380000	385000	390000	0.0065
11	390000	395000	400000	0.0328
11	400000	405000	410000	0.0396
11	410000	415000	420000	0.0372
11	420000	425000	430000	0.0545
11	430000	435000	440000	0.0416
11	440000	445000	450000	0.0326
11	450000	455000	460000	0.0432
11	460000	465000	470000	0.0211
11	470000	475000	480000	0.0433
11	480000	485000	490000	0.0522
11	490000	495000	500000	0.0409
11	500000	505000	510000	0.0366
11	510000	515000	520000	0.0426
11	520000	525000	530000	0.0405
11	530000	535000	540000	0.0427
11	540000	545000	550000	0.0422
11	550000	555000	560000	0.0092
11	560000	565000	570000	0.0431
11	570000	575000	580000	0.0412
11	580000	585000	590000	0.0424
11	590000	595000	600000	0.0231
11	600000	605000	610000	0.0229
11	610000	615000	620000	0.0363
11	620000	625000	630000	0.0349
11	630000	635000	640000	0.0404
11	640000	645000	650000	0.051
11	650000	655000	660000	0.0358
11	660000	665000	670000	0.0399
11	670000	675000	680000	0.0364
11	680000	685000	690000	0.0381
11	690000	695000	700000	0.0358
11	700000	705000	710000	0.0341
11	710000	715000	720000	0.0419
11	720000	725000	730000	0.028
11	730000	735000	740000	0.0366
11	740000	745000	750000	0.0247
11	750000	755000	760000	0.0333
11	760000	765000	770000	0.0357
11	770000	775000	780000	0.0377
11	780000	785000	790000	0.0271
11	790000	795000	800000	0.039
11	800000	805000	810000	0.034
11	810000	815000	820000	0.0338
11	820000	825000	830000	0.0426
11	830000	835000	840000	0.0344
11	840000	845000	850000	0.0368
11	850000	855000	860000	0.0253
11	860000	865000	870000	0.0399
11	870000	875000	880000	0
11	880000	885000	890000	0
11	890000	895000	900000	0
11	900000	905000	910000	0
11	910000	915000	920000	0
11	920000	925000	930000	0
11	930000	935000	940000	0.0176
11	940000	945000	950000	0.0397
11	950000	955000	960000	0.0321
11	960000	965000	970000	0.0077
11	970000	975000	980000	0.0316
11	980000	985000	990000	0.0149
11	990000	995000	1000000	0.0365
11	1000000	1005000	1010000	0.0262
11	1010000	1015000	1020000	0.0403
11	1020000	1025000	1030000	0.0418
11	1030000	1035000	1040000	0.0336
11	1040000	1045000	1050000	0.0406
11	1050000	1055000	1060000	0.0304
11	1060000	1065000	1070000	0.0293
11	1070000	1075000	1080000	0.0367
11	1080000	1085000	1090000	0.0346
11	1090000	1095000	1100000	0.0367
11	1100000	1105000	1110000	0.0334
11	1110000	1115000	1120000	0.0312
11	1120000	1125000	1130000	0.0407
11	1130000	1135000	1140000	0.0314
11	1140000	1145000	1150000	0.047
11	1150000	1155000	1160000	0.0455
11	1160000	1165000	1170000	0.0381
11	1170000	1175000	1180000	0.0226
11	1180000	1185000	1190000	0.0291
11	1190000	1195000	1200000	0.0093
11	1200000	1205000	1210000	0.0491
11	1210000	1215000	1220000	0.0307
11	1220000	1225000	1230000	0.0311
11	1230000	1235000	1240000	0.0304
11	1240000	1245000	1250000	0.0492
11	1250000	1255000	1260000	0.0429
11	1260000	1265000	1270000	0.0319
11	1270000	1275000	1280000	0.0295
11	1280000	1285000	1290000	0.0278
11	1290000	1295000	1300000	0.0245
11	1300000	1305000	1310000	0.0229
11	1310000	1315000	1320000	0.0281
11	1320000	1325000	1330000	0.031
11	1330000	1335000	1340000	0.0317
11	1340000	1345000	1350000	0.0316
11	1350000	1355000	1360000	0.0304
11	1360000	1365000	1370000	0.0386
11	1370000	1375000	1380000	0.029
11	1380000	1385000	1390000	0.0093
11	1390000	1395000	1400000	0.0182
11	1400000	1405000	1410000	0.0194
11	1410000	1415000	1420000	0.0306
11	1420000	1425000	1430000	0.023
11	1430000	1435000	1440000	0.0164
11	1440000	1445000	1450000	0.0178
11	1450000	1455000	1460000	0.0196
11	1460000	1465000	1470000	0.0427
11	1470000	1475000	1480000	0.0164
11	1480000	1485000	1490000	0.0104
11	1490000	1495000	1500000	0.0076
11	1500000	1505000	1510000	0.0175
11	1510000	1515000	1520000	0.0234
11	1520000	1525000	1530000	0.029
11	1530000	1535000	1540000	0.004
11	1540000	1545000	1550000	0
11	1550000	1555000	1560000	0
12	0	5000	10000	0
12	10000	15000	20000	0
12	20000	25000	30000	0.008
12	30000	35000	40000	0.0245
12	40000	45000	50000	0.0079
12	50000	55000	60000	0.0257
12	60000	65000	70000	0.0333
12	70000	75000	80000	0.0292
12	80000	85000	90000	0.0175
12	90000	95000	100000	0.0413
12	100000	105000	110000	0.0099
12	110000	115000	120000	0.0337
12	120000	125000	130000	0.0243
12	130000	135000	140000	0.0316
12	140000	145000	150000	0
12	150000	155000	160000	0
12	160000	165000	170000	0
12	170000	175000	180000	0.0336
12	180000	185000	190000	0.0338
12	190000	195000	200000	0.0125
12	200000	205000	210000	0.0416
12	210000	215000	220000	0.0368
12	220000	225000	230000	0.033
12	230000	235000	240000	0.0172
12	240000	245000	250000	0.0435
12	250000	255000	260000	0.0218
12	260000	265000	270000	0.0441
12	270000	275000	280000	0.0276
12	280000	285000	290000	0.024
12	290000	295000	300000	0.0206
12	300000	305000	310000	0.0372
12	310000	315000	320000	0.0304
12	320000	325000	330000	0.0223
12	330000	335000	340000	0.0412
12	340000	345000	350000	0.027
12	350000	355000	360000	0.0136
12	360000	365000	370000	0.0404
12	370000	375000	380000	0.0261
12	380000	385000	390000	0.0504
12	390000	395000	400000	0.0228
12	400000	405000	410000	0.0277
12	410000	415000	420000	0.0412
12	420000	425000	430000	0.0221
12	430000	435000	440000	0.0219
12	440000	445000	450000	0.034
12	450000	455000	460000	0.0305
12	460000	465000	470000	0.0336
12	470000	475000	480000	0.0308
12	480000	485000	490000	0.0335
12	490000	495000	500000	0.0267
12	500000	505000	510000	0.0272
12	510000	515000	520000	0.0569
12	520000	525000	530000	0.03
12	530000	535000	540000	0.0113
12	540000	545000	550000	0.0311
12	550000	555000	560000	0.0357
12	560000	565000	570000	0.0323
12	570000	575000	580000	0.0245
12	580000	585000	590000	0.0123
12	590000	595000	600000	0.0283
12	600000	605000	610000	0.0264
12	610000	615000	620000	0.0241
12	620000	625000	630000	0.0273
12	630000	635000	640000	0.0254
12	640000	645000	650000	0.0309
12	650000	655000	660000	0.0369
12	660000	665000	670000	0.0205
12	670000	675000	680000	0.0322
12	680000	685000	690000	0.0168
12	690000	695000	700000	0.0085
12	700000	705000	710000	0.0325
12	710000	715000	720000	0.0269
12	720000	725000	730000	0.0244
12	730000	735000	740000	0.0268
12	740000	745000	750000	0.0332
12	750000	755000	760000	0.028
12	760000	765000	770000	0.0377
13	0	5000	10000	0
13	10000	15000	20000	0.0218
13	20000	25000	30000	0.0272
13	30000	35000	40000	0.034
13	40000	45000	50000	0.0253
13	50000	55000	60000	0.0025
13	60000	65000	70000	0.0183
13	70000	75000	80000	0.038
13	80000	85000	90000	0.0318
13	90000	95000	100000	0.0372
13	100000	105000	110000	0.0321
13	110000	115000	120000	0.0231
13	120000	125000	130000	0.0155
13	130000	135000	140000	0.0342
13	140000	145000	150000	0.0089
13	150000	155000	160000	0.024
13	160000	165000	170000	0.0124
13	170000	175000	180000	0.0302
13	180000	185000	190000	0.0321
13	190000	195000	200000	0.0479
13	200000	205000	210000	0.0294
13	210000	215000	220000	0.0215
13	220000	225000	230000	0.0314
13	230000	235000	240000	0.0243
13	240000	245000	250000	0.0362
13	250000	255000	260000	0.0216
13	260000	265000	270000	0.023
13	270000	275000	280000	0.0424
13	280000	285000	290000	0.0366
13	290000	295000	300000	0.0588
13	300000	305000	310000	0.0418
13	310000	315000	320000	0.0308
13	320000	325000	330000	0.0258
13	330000	335000	340000	0.0454
13	340000	345000	350000	0.0435
13	350000	355000	360000	0.046
13	360000	365000	370000	0.0125
13	370000	375000	380000	0.0392
13	380000	385000	390000	0.0448
13	390000	395000	400000	0.0227
13	400000	405000	410000	0.025
13	410000	415000	420000	0.0349
13	420000	425000	430000	0.0303
13	430000	435000	440000	0.0135
13	440000	445000	450000	0.0277
13	450000	455000	460000	0.0371
13	460000	465000	470000	0.0515
13	470000	475000	480000	0.0254
13	480000	485000	490000	0.0227
13	490000	495000	500000	0.0398
13	500000	505000	510000	0.0281
13	510000	515000	520000	0.0401
13	520000	525000	530000	0.0292
13	530000	535000	540000	0.0309
13	540000	545000	550000	0.032
13	550000	555000	560000	0.0402
13	560000	565000	570000	0.0309
13	570000	575000	580000	0.0308
13	580000	585000	590000	0
13	590000	595000	600000	0
13	600000	605000	610000	0
13	610000	615000	620000	0
13	620000	625000	630000	0
13	630000	635000	640000	0.0367
13	640000	645000	650000	0.0442
13	650000	655000	660000	0.0069
13	660000	665000	670000	0.0349
13	670000	675000	680000	0.0291
13	680000	685000	690000	0.0255
13	690000	695000	700000	0.0309
13	700000	705000	710000	0.0312
13	710000	715000	720000	0.0213
13	720000	725000	730000	0.021
13	730000	735000	740000	0.0124
13	740000	745000	750000	0.0017
13	750000	755000	760000	0
14	0	5000	10000	0.0044
14	10000	15000	20000	0.0294
14	20000	25000	30000	0.0221
14	30000	35000	40000	0.0079
14	40000	45000	50000	0.0166
14	50000	55000	60000	0.0264
14	60000	65000	70000	0.0188
14	70000	75000	80000	0.0352
14	80000	85000	90000	0.0182
14	90000	95000	100000	0.0382
14	100000	105000	110000	0.0295
14	110000	115000	120000	0.0261
14	120000	125000	130000	0.0301
14	130000	135000	140000	0.0175
14	140000	145000	150000	0.0335
14	150000	155000	160000	0.0224
14	160000	165000	170000	0.0344
14	170000	175000	180000	0.0198
14	180000	185000	190000	0.0326
14	190000	195000	200000	0.0371
14	200000	205000	210000	0.0042
14	210000	215000	220000	0.0343
14	220000	225000	230000	0.0422
14	230000	235000	240000	0.0245
14	240000	245000	250000	0.0278
14	250000	255000	260000	0.0299
14	260000	265000	270000	0.0217
14	270000	275000	280000	0.0345
14	280000	285000	290000	0.0117
14	290000	295000	300000	0.0265
14	300000	305000	310000	0.0165
14	310000	315000	320000	0.0256
14	320000	325000	330000	0.0233
14	330000	335000	340000	0.0335
14	340000	345000	350000	0.0177
14	350000	355000	360000	0.0212
14	360000	365000	370000	0.0358
14	370000	375000	380000	0.0427
14	380000	385000	390000	0.0247
14	390000	395000	400000	0.0378
14	400000	405000	410000	0.0355
14	410000	415000	420000	0.0437
14	420000	425000	430000	0.0278
14	430000	435000	440000	0.0419
14	440000	445000	450000	0.0097
14	450000	455000	460000	0.0009
14	460000	465000	470000	0.0278
14	470000	475000	480000	0.0274
14	480000	485000	490000	0.0412
14	490000	495000	500000	0.0216
14	500000	505000	510000	0.028
14	510000	515000	520000	0.0183
14	520000	525000	530000	0.0243
14	530000	535000	540000	0.0317
14	540000	545000	550000	0.0452
14	550000	555000	560000	0.0376
14	560000	565000	570000	0.0384
14	570000	575000	580000	0.0459
14	580000	585000	590000	0.0242
14	590000	595000	600000	0.0436
14	600000	605000	610000	0.0363
14	610000	615000	620000	0.0307
14	620000	625000	630000	0.0374
14	630000	635000	640000	0.0371
14	640000	645000	650000	0.0379
14	650000	655000	660000	0.053
14	660000	665000	670000	0.0518
14	670000	675000	680000	0.038
14	680000	685000	690000	0.0221
14	690000	695000	700000	0.0212
14	700000	705000	710000	0.0388
14	710000	715000	720000	0.03
14	720000	725000	730000	0.0408
14	730000	735000	740000	0.0505
14	740000	745000	750000	0.0409
14	750000	755000	760000	0.0513
14	760000	765000	770000	0.0451
14	770000	775000	780000	0.0425
14	780000	785000	790000	0.0333
14	790000	795000	800000	0.0387
14	800000	805000	810000	0.0336
14	810000	815000	820000	0.0207
14	820000	825000	830000	0.0102
14	830000	835000	840000	0.0325
14	840000	845000	850000	0.037
14	850000	855000	860000	0.0329
14	860000	865000	870000	0.0406
14	870000	875000	880000	0.026
14	880000	885000	890000	0.0164
14	890000	895000	900000	0.0237
14	900000	905000	910000	0.0187
14	910000	915000	920000	0
14	920000	925000	930000	0